Power-Diagram Balanced K-means on GloVe-6B-50d
Dataset: 400000 vectors, 50 dims, k=256, niter=25
========================================================================================================================
            Method |            SSE |   SSE +% |       CV |  CV Red% |   Imbal |   Min |   Max |  Max/μ | Empty |    Time
------------------------------------------------------------------------------------------------------------------------
          Standard |      809801.50 |      --- |   0.6037 |      --- |  1.3644 |     1 |  6546 |   4.19 |     0 |   1.69s
           λ=0.001 |     5047832.50 | +523.34% |   0.2821 |   +53.3% |  1.0796 |     1 |  7245 |   4.64 |     0 |  59.39s
           λ=0.005 |     9089029.00 | +1022.38% |   8.2144 | -1260.7% | 68.4756 |     0 | 159599 | 102.14 |   130 |  60.89s
            λ=0.01 |    11224836.00 | +1286.12% |   9.0001 | -1390.8% | 82.0010 |     0 | 193774 | 124.02 |   169 |  64.20s
            λ=0.02 |     8185792.50 | +910.84% |   8.9027 | -1374.7% | 80.2589 |     0 | 210533 | 134.74 |   205 |  61.85s
            λ=0.05 |    10675404.00 | +1218.27% |   6.1277 |  -915.0% | 38.5486 |     0 | 92166 |  58.99 |   222 |  57.94s
             λ=0.1 |    15804942.00 | +1851.71% |  15.2403 | -2424.5% | 233.2668 |     0 | 381573 | 244.21 |   238 |  57.95s
------------------------------------------------------------------------------------------------------------------------


PER-ITERATION CONVERGENCE (all lambdas)
================================================================================

lambda=0.001:
  Iter |            SSE |       CV 
  -----------------------------------
     0 |     6762689.50 |   1.7046
     1 |     5706289.00 |   0.8947
     2 |     5529558.00 |   0.8983
     3 |     5391609.50 |   0.7723
     4 |     5260232.00 |   0.6004
     5 |     5203787.00 |   0.4756
     6 |     5577067.00 |   2.5253
     7 |     5154810.00 |   0.4072
     8 |     5145310.50 |   0.6364
     9 |     5084945.00 |   0.3195
    10 |     5083221.50 |   0.3188
    11 |     5106184.50 |   0.4755
    12 |     5141138.50 |   0.8415
    13 |     5053531.00 |   0.2551
    14 |     5060328.00 |   0.2572
    15 |     5051744.50 |   0.2469
    16 |     5044555.00 |   0.2085
    17 |     5041064.00 |   0.2014
    18 |     5042278.00 |   0.2284
    19 |     5040328.00 |   0.1788
    20 |     5071475.00 |   0.4916
    21 |     5036154.00 |   0.1760
    22 |     5039953.00 |   0.1831
    23 |     5041314.00 |   0.1932
    24 |     5047832.50 |   0.2821

lambda=0.005:
  Iter |            SSE |       CV 
  -----------------------------------
     0 |     6762689.50 |   1.7046
     1 |     6244440.00 |   1.4714
     2 |     6494352.50 |   2.4250
     3 |     7179375.00 |   4.8580
     4 |     6462476.50 |   2.9681
     5 |     6779995.50 |   3.0069
     6 |     7469687.50 |   6.6011
     7 |     6954567.00 |   3.4602
     8 |     8181360.00 |   8.8651
     9 |     6726175.00 |   2.8610
    10 |     7008747.00 |   4.0295
    11 |     7499714.50 |   6.4295
    12 |     7347598.00 |   4.2311
    13 |     7008439.50 |   3.5203
    14 |     7845218.00 |   6.6437
    15 |     8625116.00 |  13.1536
    16 |     7017356.00 |   3.7433
    17 |     9968900.00 |   8.2431
    18 |     7029577.00 |   4.1635
    19 |     7046833.00 |   3.9738
    20 |    11562313.00 |  15.9351
    21 |     8292253.50 |   4.4180
    22 |     9593666.00 |   8.1101
    23 |    11522562.00 |  14.7087
    24 |     9089029.00 |   8.2144

lambda=0.01:
  Iter |            SSE |       CV 
  -----------------------------------
     0 |     6762689.50 |   1.7046
     1 |     6571295.00 |   1.8214
     2 |     7609962.00 |   5.0092
     3 |     8715416.00 |   9.9267
     4 |     7619555.50 |   5.1051
     5 |     7727327.00 |   5.5313
     6 |     8025252.50 |   4.1717
     7 |     8294137.00 |   5.8793
     8 |     7996659.50 |   9.5652
     9 |     8426608.00 |   6.0786
    10 |     7771302.50 |   6.5278
    11 |     8436706.00 |   7.2410
    12 |    10610016.00 |  15.9543
    13 |     8404345.00 |   7.2124
    14 |     8432411.00 |   5.8198
    15 |    10034330.00 |   6.5349
    16 |     9349461.00 |  15.6931
    17 |     9642578.00 |   5.1101
    18 |     8497929.00 |   9.1040
    19 |     9963213.00 |  15.9680
    20 |     9142911.00 |   5.6541
    21 |    18224490.00 |  13.6343
    22 |     9206856.00 |   5.8912
    23 |    10012685.00 |   9.8445
    24 |    11224836.00 |   9.0001

lambda=0.02:
  Iter |            SSE |       CV 
  -----------------------------------
     0 |     6762689.50 |   1.7046
     1 |     6982445.00 |   2.1786
     2 |     8791972.00 |   7.6673
     3 |     7993181.00 |   5.5479
     4 |     8176097.50 |   7.5185
     5 |     8376711.00 |   4.8076
     6 |     8036417.50 |   4.8812
     7 |     8794560.00 |   9.9867
     8 |    11228895.00 |  11.2751
     9 |     8762853.00 |   4.5738
    10 |    10256476.00 |   9.2249
    11 |     9183302.00 |  10.9370
    12 |    10630458.00 |  11.0122
    13 |     9273121.00 |   6.0609
    14 |     8953003.00 |   6.9147
    15 |     8562964.00 |   5.7142
    16 |    11562762.00 |  11.1175
    17 |     9305074.00 |   6.9370
    18 |     9191860.00 |   6.4170
    19 |     9355059.00 |  15.5344
    20 |     9947876.00 |   7.1673
    21 |     9439392.00 |   6.7982
    22 |    10030930.00 |   6.8638
    23 |    10586674.00 |   7.3941
    24 |     8185792.50 |   8.9027

lambda=0.05:
  Iter |            SSE |       CV 
  -----------------------------------
     0 |     6762689.50 |   1.7046
     1 |     7673653.50 |   3.0160
     2 |    10598410.00 |  12.1218
     3 |     9186652.00 |   4.7781
     4 |     8898314.00 |   5.3142
     5 |     8813396.00 |   5.8471
     6 |    10138724.00 |   4.9854
     7 |     9978470.00 |  10.6616
     8 |    12056894.00 |  13.1297
     9 |    10400592.00 |  12.7084
    10 |     9804306.00 |   7.9126
    11 |    14557179.00 |  12.1263
    12 |    10697902.00 |  15.4943
    13 |    10400577.00 |  10.5454
    14 |    26387782.00 |  10.5978
    15 |    30439582.00 |  14.6556
    16 |     9566207.00 |   6.6590
    17 |    13267370.00 |  15.4294
    18 |    24205376.00 |  15.5072
    19 |    13997424.00 |   8.7313
    20 |    10586860.00 |  12.1508
    21 |     9914574.00 |   8.8592
    22 |     9891048.00 |   7.3840
    23 |     9976204.00 |   6.8188
    24 |    10675404.00 |   6.1277

lambda=0.1:
  Iter |            SSE |       CV 
  -----------------------------------
     0 |     6762689.50 |   1.7046
     1 |     8288146.00 |   4.0938
     2 |    11849413.00 |  12.5007
     3 |     9509734.00 |   6.4674
     4 |    11079404.00 |   9.7274
     5 |     9496124.00 |   5.8441
     6 |     9848926.00 |  10.0249
     7 |    11269095.00 |   7.9341
     8 |    11319172.00 |   8.8448
     9 |     9441283.00 |   7.4592
    10 |    10207546.00 |   7.0606
    11 |    10060200.00 |  10.2622
    12 |    10132670.00 |   8.4126
    13 |    10035979.00 |  12.1436
    14 |    11851714.00 |   8.7548
    15 |    10077820.00 |   7.4546
    16 |    12250753.00 |  11.9857
    17 |    10390884.00 |   8.1277
    18 |    11980247.00 |  12.7765
    19 |    10051988.00 |   9.1659
    20 |    12360518.00 |   7.9225
    21 |    12737444.00 |   9.3122
    22 |    15033976.00 |  14.3011
    23 |    10984239.00 |  10.0627
    24 |    15804942.00 |  15.2403
